[892,871,618,597,575,322,301,33,835,12,286,759,560,581,856,307,3600]
[239,218,965,944,923,670,649,131,933,110,384,857,658,679,954,405,3600]
[787,605,352,331,77,56,803,672,242,419,693,398,967,220,263,946,3600]
[889,636,615,594,341,319,66,432,1,179,453,158,727,980,254,706,3600]
[143,890,869,616,595,342,321,585,246,332,606,311,42,993,267,859,3600]
[807,554,533,511,258,237,984,992,561,971,245,718,519,540,814,266,3600]
[549,296,274,21,1000,747,726,402,971,381,655,127,697,950,224,676,3600]
[405,384,131,110,857,836,815,521,90,500,774,247,816,69,343,795,3600]
[355,334,81,60,39,786,765,892,461,639,913,618,187,440,714,166,3600]
[302,49,27,774,753,500,479,112,681,859,133,838,407,660,934,386,3600]
[878,857,604,582,329,308,55,842,411,589,863,568,137,390,664,116,3600]
[523,502,249,228,975,954,700,42,612,789,63,768,338,359,633,317,3600]
[760,739,486,465,212,190,937,482,51,229,503,208,777,30,305,756,3600]
[768,747,494,473,220,199,946,501,303,480,755,227,29,50,324,776,3600]
[923,670,648,627,374,353,100,753,322,500,774,479,48,69,343,27,3600]
[263,242,989,968,715,693,440,621,191,600,642,347,917,170,444,896,3600]
[540,287,266,13,992,739,718,382,952,129,403,108,677,699,973,424,3600]
[820,799,546,525,271,250,997,961,531,940,214,687,257,510,784,235,3600]
[24,3,750,729,476,455,434,351,152,330,604,77,878,899,173,625,3600]
[801,547,526,273,252,999,978,571,141,550,824,297,99,120,394,845,3600]
[966,945,692,671,418,397,376,702,272,449,724,428,998,19,293,745,3600]
[259,6,985,732,711,458,436,845,576,592,28,571,302,323,597,49,3600]
[618,365,343,322,69,48,795,421,152,400,674,147,948,969,173,695,3600]
[936,915,661,640,387,366,113,722,292,469,743,448,17,38,313,764,3600]
[504,251,230,976,955,934,681,652,222,399,673,378,948,201,243,927,3600]
[656,403,382,129,108,855,834,911,480,890,932,637,206,459,734,185,3600]
[857,603,582,329,308,55,34,621,422,600,874,347,148,169,443,895,3600]
[937,684,662,409,388,367,114,385,954,132,406,111,680,701,975,427,3600]
[908,887,634,613,360,339,318,822,391,569,843,548,117,370,644,96,3600]
[159,906,885,632,611,358,337,212,781,959,233,938,507,760,35,486,3600]
[360,106,85,832,811,558,537,992,562,739,13,718,287,308,583,266,3600]
[568,547,294,273,20,998,745,792,361,771,813,518,87,340,614,66,3600]
[845,592,571,318,297,44,23,482,52,461,503,208,777,31,305,756,3600]
[598,345,324,71,50,797,776,31,832,10,284,756,558,579,853,305,3600]
[799,545,524,271,250,997,976,972,542,719,993,698,268,289,563,247,3600]
[101,848,827,574,553,300,279,332,901,311,353,57,627,880,154,606,3600]
[928,675,653,400,379,126,105,922,492,669,943,648,218,471,513,197,3600]
[627,606,585,332,311,58,37,953,754,931,206,678,480,501,775,227,3600]
[278,257,4,983,730,709,456,622,423,600,875,347,149,170,444,896,3600]
[148,895,874,621,600,347,326,552,121,530,805,277,79,100,374,826,3600]
[665,411,390,137,116,863,842,162,732,909,184,888,458,479,753,205,3600]
[220,199,946,925,672,651,398,699,198,446,720,263,994,15,451,741,3600]
[702,681,428,407,154,133,879,602,171,581,623,327,897,150,424,876,3600]
[452,431,178,157,904,883,629,31,832,10,284,989,558,579,853,305,3600]
[205,184,931,910,657,636,382,741,542,720,994,467,268,289,563,15,3600]
[33,780,759,506,485,232,211,524,93,502,777,249,819,72,346,798,3600]
[63,42,789,767,514,493,240,841,411,820,94,567,368,390,664,115,3600]
[663,642,621,368,347,94,73,111,681,90,364,837,638,660,934,385,3600]
[644,623,370,349,96,75,821,721,523,700,974,447,248,269,544,995,3600]
[166,145,124,871,850,597,576,251,52,229,504,208,778,799,73,525,3600]
[605,584,563,310,289,36,15,231,32,210,484,189,758,779,53,505,3600]
[368,347,326,73,52,799,778,791,593,770,44,517,318,339,614,65,3600]
[297,276,23,2,981,728,707,12,581,990,265,737,539,560,834,286,3600]
[521,500,247,226,973,952,931,282,851,29,303,8,577,598,872,556,3600]
[108,87,66,813,792,539,518,602,172,349,623,328,897,150,193,876,3600]
[471,450,197,176,155,902,881,421,222,400,674,147,948,969,243,695,3600]
[947,694,673,652,399,377,124,312,882,59,333,38,608,629,903,587,3600]
[723,702,449,428,175,154,133,591,392,569,844,548,118,139,413,865,3600]
[463,442,189,168,915,894,873,401,971,148,423,127,697,950,224,676,3600]
[413,392,139,118,97,844,823,772,342,519,794,498,68,89,363,47,3600]
[433,180,159,905,884,631,610,873,442,620,894,599,168,189,463,915,3600]
[665,644,391,370,117,96,75,942,511,689,963,668,237,490,533,216,3600]
[972,719,698,445,424,171,150,382,951,129,403,108,677,930,204,656,3600]
[988,967,714,693,440,419,166,404,973,151,425,130,699,952,226,678,3600]
[581,560,307,286,33,11,758,691,492,670,944,417,218,239,513,965,3600]
[66,45,791,770,749,496,475,61,722,808,82,787,518,701,975,335,3600]
[444,191,170,149,895,874,621,11,581,758,32,737,307,560,834,286,3600]
[897,876,623,602,349,328,306,232,963,979,253,958,527,780,984,506,3600]
[858,605,584,331,310,57,36,452,21,199,473,178,747,1000,274,726,3600]
[704,683,430,409,156,134,881,432,2,179,454,158,728,749,23,475,3600]
[77,824,803,550,529,276,255,772,341,751,793,498,67,320,594,46,3600]
[678,424,403,150,129,108,855,62,631,41,83,787,357,610,884,336,3600]
[840,819,566,545,292,271,17,14,583,761,35,740,309,562,836,288,3600]
[914,661,640,387,366,113,92,501,71,480,754,227,797,50,324,775,3600]
[375,122,101,848,826,573,552,992,562,739,13,718,288,541,815,266,3600]
[560,307,286,264,11,990,737,540,342,519,793,498,67,89,363,814,3600]
[19,766,745,492,471,218,197,892,693,870,145,617,419,440,714,166,3600]
[961,708,687,434,413,160,139,11,812,990,264,969,538,559,834,285,3600]
[994,973,719,698,445,424,171,532,102,279,553,258,828,81,355,806,3600]
[879,626,605,351,330,309,56,343,74,322,596,68,870,53,327,617,3600]
[741,488,466,213,192,939,918,92,661,839,113,818,387,640,914,366,3600]
[85,832,811,558,537,284,263,543,344,522,796,501,70,91,365,817,3600]
[182,160,907,886,865,612,591,483,52,230,504,209,778,799,73,757,3600]
[749,496,475,454,200,179,926,111,913,90,364,837,639,660,934,386,3600]
[244,991,969,716,695,442,421,231,801,210,484,957,527,780,54,505,3600]
[743,722,701,448,427,174,153,643,445,622,896,369,170,191,466,917,3600]
[903,650,629,376,355,102,81,363,932,110,384,88,658,911,953,637,3600]
[394,373,120,99,846,825,572,382,952,129,403,108,678,931,973,657,3600]
[821,568,547,293,272,251,998,694,264,441,715,420,989,10,285,736,3600]
[5,752,731,710,456,435,182,961,762,940,214,687,488,509,783,235,3600]
[147,126,873,852,599,578,325,92,662,839,114,818,388,409,683,135,3600]
[710,689,436,415,162,141,888,853,422,600,874,579,148,169,444,895,3600]
[124,102,849,828,807,554,533,307,806,124,258,871,532,785,59,511,3600]
[347,326,73,52,869,616,595,641,442,619,894,366,168,189,463,915,3600]
[876,855,602,581,327,306,53,11,812,990,264,737,538,559,833,285,3600]
[837,816,795,542,521,268,247,521,322,499,774,478,48,69,343,795,3600]
[685,664,643,390,369,116,95,833,402,812,86,559,128,381,655,107,3600]
[762,741,488,467,213,192,939,81,882,60,334,807,608,629,903,355,3600]
[336,315,62,41,788,767,514,502,71,481,523,228,797,50,324,776,3600]
[763,510,489,236,214,193,940,814,383,561,835,540,109,362,636,88,3600]
[39,785,764,743,490,469,216,282,851,260,535,7,809,830,104,556,3600]
[652,631,378,357,104,83,830,811,542,790,994,537,268,521,795,247,3600]
[981,727,706,685,432,411,158,401,203,380,654,127,928,949,224,675,3600]
[201,948,927,674,653,400,378,690,492,669,943,416,218,239,513,964,3600]
[884,863,610,589,336,315,61,262,832,9,283,988,558,811,85,536,3600]
[818,797,544,523,269,248,995,362,932,109,384,88,658,679,953,405,3600]
[779,758,737,484,463,210,189,872,441,619,893,598,167,420,463,146,3600]
[321,300,47,26,772,751,498,502,71,249,523,228,797,50,324,776,3600]
[510,489,236,215,962,941,687,911,713,890,164,637,438,460,734,185,3600]
[850,829,576,555,302,281,260,942,511,920,195,667,237,490,764,216,3600]
[955,934,681,660,407,385,364,42,611,21,63,768,337,590,864,316,3600]
[826,805,552,531,278,257,3,382,951,361,635,108,677,930,204,656,3600]
[52,30,777,756,503,482,229,413,982,160,434,139,708,729,3,455,3600]
[721,700,679,426,405,152,131,992,561,739,13,717,287,540,814,266,3600]
[484,463,442,189,168,915,894,552,121,299,573,278,847,100,375,826,3600]
[792,771,518,497,244,223,202,61,863,40,314,787,588,609,884,335,3600]
[224,203,182,929,908,655,634,131,700,110,384,857,658,679,953,405,3600]
[43,790,769,516,495,242,221,451,253,430,704,177,978,1000,274,725,3600]
[839,818,565,544,291,270,249,351,921,330,372,77,647,900,174,626,3600]
[90,837,816,563,542,289,268,671,473,650,924,397,198,219,494,945,3600]
[426,405,384,131,110,857,836,672,241,651,925,397,967,220,494,946,3600]
[782,761,508,487,234,213,960,204,773,951,225,930,499,752,794,478,3600]
[607,353,332,79,58,805,784,282,851,29,303,8,577,830,105,556,3600]
[529,508,255,234,213,960,939,301,871,280,554,27,829,850,124,575,3600]
[986,732,711,458,437,184,163,571,372,550,824,529,98,119,393,845,3600]
[162,141,888,867,614,593,340,291,275,270,474,249,840,22,297,657,3600]
[781,760,507,486,233,212,191,471,272,450,724,197,998,19,293,745,3600]
[32,779,758,505,484,231,210,861,430,840,114,587,388,409,683,135,3600]
[974,721,700,447,426,173,152,981,782,959,234,706,508,529,803,255,3600]
[465,444,191,170,917,896,643,162,731,909,183,888,457,710,984,436,3600]
[620,367,345,92,71,50,797,181,983,160,434,907,708,730,4,455,3600]
[724,703,450,429,176,155,902,323,893,70,344,49,619,872,146,598,3600]
[317,64,43,790,769,515,494,182,752,999,203,817,477,499,773,224,3600]
[104,83,830,809,556,535,282,460,191,277,643,95,917,938,212,664,3600]
[8,987,734,712,691,438,417,815,476,794,68,541,434,455,659,181,3600]
[491,238,217,963,942,689,668,521,323,500,774,247,48,70,344,795,3600]
[121,100,846,825,572,551,298,722,291,469,743,448,17,270,544,996,3600]
[950,929,676,654,633,380,359,914,483,893,935,639,209,462,736,188,3600]
[502,249,228,207,953,932,679,892,461,639,913,618,187,440,482,166,3600]
[916,663,642,389,368,115,94,332,902,79,353,58,627,648,923,606,3600]
[562,309,287,34,13,992,739,301,102,280,554,259,828,849,123,575,3600]
[942,921,668,647,394,372,119,143,712,890,164,869,438,459,733,185,3600]
[898,877,624,603,350,329,75,894,464,641,915,620,190,443,485,169,3600]
[46,25,772,751,498,477,224,284,783,31,305,10,580,601,37,559,3600]
[865,612,591,569,316,295,42,872,442,619,893,598,168,421,695,146,3600]

